1 0.1 0.1008 0.0299189 0.578722 6.84213 -2299.29
2 0.1008 0.1016 0.0303835 0.582919 5.0027 608.484
3 0.1016 0.1024 0.0308516 0.587256 5.48948 -170.65
4 0.1024 0.1032 0.0313231 0.59155 5.35296 38.118
5 0.1032 0.104 0.0317981 0.595851 5.38346 -17.8214
6 0.104 0.1048 0.0322765 0.600146 5.3692 -2.83247
7 0.1048 0.1056 0.0327583 0.604437 5.36694 -6.84874
8 0.1056 0.1064 0.0332436 0.608724 5.36146 -5.77258
9 0.1064 0.1072 0.0337323 0.613008 5.35684 -6.06094
10 0.1072 0.108 0.0342244 0.617288 5.35199 -5.98367
11 0.108 0.1088 0.0347199 0.621564 5.3472 -6.00438
12 0.1088 0.1096 0.0352189 0.625836 5.3424 -5.99883
13 0.1096 0.1104 0.0357213 0.630104 5.3376 -6.00031
14 0.1104 0.1112 0.0362271 0.634368 5.3328 -5.99992
15 0.1112 0.112 0.0367363 0.638628 5.328 -6.00002
16 0.112 0.1128 0.0372489 0.642885 5.3232 -5.99999
17 0.1128 0.1136 0.0377649 0.647138 5.3184 -6
18 0.1136 0.1144 0.0382843 0.651387 5.3136 -6
19 0.1144 0.1152 0.0388071 0.655632 5.3088 -6
20 0.1152 0.116 0.0393333 0.659873 5.304 -6
21 0.116 0.1168 0.0398629 0.664111 5.2992 -6
22 0.1168 0.1176 0.0403959 0.668344 5.2944 -6
23 0.1176 0.1184 0.0409323 0.672574 5.2896 -6
24 0.1184 0.1192 0.041472 0.6768 5.2848 -6
25 0.1192 0.12 0.0420151 0.681022 5.28 -6
26 0.12 0.1208 0.0425616 0.68524 5.2752 -6
27 0.1208 0.1216 0.0431115 0.689455 5.2704 -6
28 0.1216 0.1224 0.0436648 0.693665 5.2656 -6
29 0.1224 0.1232 0.0442214 0.697872 5.2608 -6
30 0.1232 0.124 0.0447814 0.702075 5.256 -6
31 0.124 0.1248 0.0453447 0.706274 5.2512 -6
32 0.1248 0.1256 0.0459114 0.710469 5.2464 -6
33 0.1256 0.1264 0.0464814 0.71466 5.2416 -6
34 0.1264 0.1272 0.0470548 0.718848 5.2368 -6
35 0.1272 0.128 0.0476316 0.723032 5.232 -6
36 0.128 0.1288 0.0482117 0.727212 5.2272 -6
37 0.1288 0.1296 0.0487951 0.731388 5.2224 -6
38 0.1296 0.1304 0.0493819 0.73556 5.2176 -6
39 0.1304 0.1312 0.049972 0.739728 5.2128 -6
40 0.1312 0.132 0.0505655 0.743892 5.208 -6
41 0.132 0.1328 0.0511623 0.748053 5.2032 -6
42 0.1328 0.1336 0.0517624 0.75221 5.1984 -6
43 0.1336 0.1344 0.0523658 0.756363 5.1936 -6
44 0.1344 0.1352 0.0529725 0.760512 5.1888 -6
45 0.1352 0.136 0.0535826 0.764657 5.184 -6
46 0.136 0.1368 0.054196 0.768799 5.1792 -6
47 0.1368 0.1376 0.0548127 0.772936 5.1744 -6
48 0.1376 0.1384 0.0554327 0.77707 5.1696 -6
49 0.1384 0.1392 0.056056 0.7812 5.1648 -6
50 0.1392 0.14 0.0566826 0.785326 5.16 -6
51 0.14 0.1408 0.0573125 0.789448 5.1552 -6
52 0.1408 0.1416 0.0579457 0.793567 5.1504 -6
53 0.1416 0.1424 0.0585822 0.797681 5.1456 -6
54 0.1424 0.1432 0.059222 0.801792 5.1408 -6
55 0.1432 0.144 0.0598651 0.805899 5.136 -6
56 0.144 0.1448 0.0605115 0.810002 5.1312 -6
57 0.1448 0.1456 0.0611611 0.814101 5.1264 -6
58 0.1456 0.1464 0.061814 0.818196 5.1216 -6
59 0.1464 0.1472 0.0624702 0.822288 5.1168 -6
60 0.1472 0.148 0.0631297 0.826376 5.112 -6
61 0.148 0.1488 0.0637924 0.83046 5.1072 -6
62 0.1488 0.1496 0.0644584 0.83454 5.1024 -6
63 0.1496 0.1504 0.0651277 0.838616 5.0976 -6
64 0.1504 0.1512 0.0658002 0.842688 5.0928 -6
65 0.1512 0.152 0.066476 0.846756 5.088 -6
66 0.152 0.1528 0.067155 0.850821 5.0832 -6
67 0.1528 0.1536 0.0678373 0.854882 5.0784 -6
68 0.1536 0.1544 0.0685228 0.858939 5.0736 -6
69 0.1544 0.1552 0.0692116 0.862992 5.0688 -6
70 0.1552 0.156 0.0699036 0.867041 5.064 -6
71 0.156 0.1568 0.0705988 0.871087 5.0592 -6
72 0.1568 0.1576 0.0712973 0.875128 5.0544 -6
73 0.1576 0.1584 0.0719991 0.879166 5.0496 -6
74 0.1584 0.1592 0.072704 0.8832 5.0448 -6
75 0.1592 0.16 0.0734122 0.88723 5.04 -6
76 0.16 0.1608 0.0741236 0.891256 5.0352 -6
77 0.1608 0.1616 0.0748382 0.895279 5.0304 -6
78 0.1616 0.1624 0.075556 0.899297 5.0256 -6
79 0.1624 0.1632 0.0762771 0.903312 5.0208 -6
80 0.1632 0.164 0.0770013 0.907323 5.016 -6
81 0.164 0.1648 0.0777288 0.91133 5.0112 -6
82 0.1648 0.1656 0.0784594 0.915333 5.0064 -6
83 0.1656 0.1664 0.0791933 0.919332 5.0016 -6
84 0.1664 0.1672 0.0799304 0.923328 4.9968 -6
85 0.1672 0.168 0.0806706 0.92732 4.992 -6
86 0.168 0.1688 0.0814141 0.931308 4.9872 -6
87 0.1688 0.1696 0.0821607 0.935292 4.9824 -6
88 0.1696 0.1704 0.0829105 0.939272 4.9776 -6
89 0.1704 0.1712 0.0836636 0.943248 4.9728 -6
90 0.1712 0.172 0.0844197 0.94722 4.968 -6
91 0.172 0.1728 0.0851791 0.951189 4.9632 -6
92 0.1728 0.1736 0.0859416 0.955154 4.9584 -6
93 0.1736 0.1744 0.0867073 0.959115 4.9536 -6
94 0.1744 0.1752 0.0874762 0.963072 4.9488 -6
95 0.1752 0.176 0.0882483 0.967025 4.944 -6
96 0.176 0.1768 0.0890235 0.970975 4.9392 -6
97 0.1768 0.1776 0.0898018 0.97492 4.9344 -6
98 0.1776 0.1784 0.0905833 0.978862 4.9296 -6
99 0.1784 0.1792 0.091368 0.9828 4.9248 -6
100 0.1792 0.18 0.0921558 0.986734 4.92 -6
101 0.18 0.1808 0.0929468 0.990664 4.9152 -6
102 0.1808 0.1816 0.0937409 0.994591 4.9104 -6
103 0.1816 0.1824 0.0945381 0.998513 4.9056 -6
104 0.1824 0.1832 0.0953385 1.00243 4.9008 -6
105 0.1832 0.184 0.096142 1.00635 4.896 -6
106 0.184 0.1848 0.0969486 1.01026 4.8912 -6
107 0.1848 0.1856 0.0977584 1.01417 4.8864 -6
108 0.1856 0.1864 0.0985713 1.01807 4.8816 -6
109 0.1864 0.1872 0.0993873 1.02197 4.8768 -6
110 0.1872 0.188 0.100206 1.02586 4.872 -6
111 0.188 0.1888 0.101029 1.02976 4.8672 -6
112 0.1888 0.1896 0.101854 1.03364 4.8624 -6
113 0.1896 0.1904 0.102683 1.03753 4.8576 -6
114 0.1904 0.1912 0.103514 1.04141 4.8528 -6
115 0.1912 0.192 0.104349 1.04528 4.848 -6
116 0.192 0.1928 0.105187 1.04916 4.8432 -6
117 0.1928 0.1936 0.106027 1.05303 4.8384 -6
118 0.1936 0.1944 0.106871 1.05689 4.8336 -6
119 0.1944 0.1952 0.107718 1.06075 4.8288 -6
120 0.1952 0.196 0.108569 1.06461 4.824 -6
121 0.196 0.1968 0.109422 1.06846 4.8192 -6
122 0.1968 0.1976 0.110278 1.07231 4.8144 -6
123 0.1976 0.1984 0.111138 1.07616 4.8096 -6
124 0.1984 0.1992 0.112 1.08 4.8048 -6
125 0.1992 0.2 0.112866 1.08384 4.8 -6
126 0.2 0.2008 0.113734 1.08767 4.7952 -6
127 0.2008 0.2016 0.114606 1.0915 4.7904 -6
128 0.2016 0.2024 0.115481 1.09533 4.7856 -6
129 0.2024 0.2032 0.116358 1.09915 4.7808 -6
130 0.2032 0.204 0.117239 1.10297 4.776 -6
131 0.204 0.2048 0.118123 1.10679 4.7712 -6
132 0.2048 0.2056 0.11901 1.1106 4.7664 -6
133 0.2056 0.2064 0.1199 1.1144 4.7616 -6
134 0.2064 0.2072 0.120793 1.11821 4.7568 -6
135 0.2072 0.208 0.121689 1.12201 4.752 -6
136 0.208 0.2088 0.122588 1.1258 4.7472 -6
137 0.2088 0.2096 0.12349 1.1296 4.7424 -6
138 0.2096 0.2104 0.124396 1.13338 4.7376 -6
139 0.2104 0.2112 0.125304 1.13717 4.7328 -6
140 0.2112 0.212 0.126215 1.14095 4.728 -6
141 0.212 0.2128 0.127129 1.14473 4.7232 -6
142 0.2128 0.2136 0.128047 1.1485 4.7184 -6
143 0.2136 0.2144 0.128967 1.15227 4.7136 -6
144 0.2144 0.2152 0.12989 1.15603 4.7088 -6
145 0.2152 0.216 0.130817 1.15979 4.704 -6
146 0.216 0.2168 0.131746 1.16355 4.6992 -6
147 0.2168 0.2176 0.132678 1.1673 4.6944 -6
148 0.2176 0.2184 0.133614 1.17105 4.6896 -6
149 0.2184 0.2192 0.134552 1.1748 4.6848 -6
150 0.2192 0.22 0.135493 1.17854 4.68 -6
151 0.22 0.2208 0.136438 1.18228 4.6752 -6
152 0.2208 0.2216 0.137385 1.18601 4.6704 -6
153 0.2216 0.2224 0.138335 1.18975 4.6656 -6
154 0.2224 0.2232 0.139289 1.19347 4.6608 -6
155 0.2232 0.224 0.140245 1.19719 4.656 -6
156 0.224 0.2248 0.141204 1.20091 4.6512 -6
157 0.2248 0.2256 0.142166 1.20463 4.6464 -6
158 0.2256 0.2264 0.143131 1.20834 4.6416 -6
159 0.2264 0.2272 0.1441 1.21205 4.6368 -6
160 0.2272 0.228 0.145071 1.21575 4.632 -6
161 0.228 0.2288 0.146045 1.21945 4.6272 -6
162 0.2288 0.2296 0.147022 1.22315 4.6224 -6
163 0.2296 0.2304 0.148002 1.22684 4.6176 -6
164 0.2304 0.2312 0.148985 1.23053 4.6128 -6
165 0.2312 0.232 0.149971 1.23421 4.608 -6
166 0.232 0.2328 0.15096 1.23789 4.6032 -6
167 0.2328 0.2336 0.151951 1.24157 4.5984 -6
168 0.2336 0.2344 0.152946 1.24524 4.5936 -6
169 0.2344 0.2352 0.153944 1.24891 4.5888 -6
170 0.2352 0.236 0.154944 1.25258 4.584 -6
171 0.236 0.2368 0.155948 1.25624 4.5792 -6
172 0.2368 0.2376 0.156954 1.2599 4.5744 -6
173 0.2376 0.2384 0.157964 1.26355 4.5696 -6
174 0.2384 0.2392 0.158976 1.2672 4.5648 -6
175 0.2392 0.24 0.159991 1.27085 4.56 -6
176 0.24 0.2408 0.161009 1.27449 4.5552 -6
177 0.2408 0.2416 0.16203 1.27813 4.5504 -6
178 0.2416 0.2424 0.163054 1.28176 4.5456 -6
179 0.2424 0.2432 0.164081 1.28539 4.5408 -6
180 0.2432 0.244 0.165111 1.28902 4.536 -6
181 0.244 0.2448 0.166144 1.29264 4.5312 -6
182 0.2448 0.2456 0.167179 1.29626 4.5264 -6
183 0.2456 0.2464 0.168218 1.29988 4.5216 -6
184 0.2464 0.2472 0.169259 1.30349 4.5168 -6
185 0.2472 0.248 0.170303 1.3071 4.512 -6
186 0.248 0.2488 0.17135 1.3107 4.5072 -6
187 0.2488 0.2496 0.1724 1.3143 4.5024 -6
188 0.2496 0.2504 0.173453 1.3179 4.4976 -6
189 0.2504 0.2512 0.174509 1.32149 4.4928 -6
190 0.2512 0.252 0.175568 1.32508 4.488 -6
191 0.252 0.2528 0.176629 1.32866 4.4832 -6
192 0.2528 0.2536 0.177693 1.33224 4.4784 -6
193 0.2536 0.2544 0.178761 1.33582 4.4736 -6
194 0.2544 0.2552 0.179831 1.33939 4.4688 -6
195 0.2552 0.256 0.180904 1.34296 4.464 -6
196 0.256 0.2568 0.18198 1.34653 4.4592 -6
197 0.2568 0.2576 0.183058 1.35009 4.4544 -6
198 0.2576 0.2584 0.18414 1.35365 4.4496 -6
199 0.2584 0.2592 0.185224 1.3572 4.4448 -6
200 0.2592 0.26 0.186311 1.36075 4.44 -6
201 0.26 0.2608 0.187401 1.3643 4.4352 -6
202 0.2608 0.2616 0.188494 1.36784 4.4304 -6
203 0.2616 0.2624 0.18959 1.37138 4.4256 -6
204 0.2624 0.2632 0.190688 1.37491 4.4208 -6
205 0.2632 0.264 0.19179 1.37844 4.416 -6
206 0.264 0.2648 0.192894 1.38197 4.4112 -6
207 0.2648 0.2656 0.194001 1.38549 4.4064 -6
208 0.2656 0.2664 0.195111 1.38901 4.4016 -6
209 0.2664 0.2672 0.196223 1.39253 4.3968 -6
210 0.2672 0.268 0.197339 1.39604 4.392 -6
211 0.268 0.2688 0.198457 1.39955 4.3872 -6
212 0.2688 0.2696 0.199578 1.40305 4.3824 -6
213 0.2696 0.2704 0.200702 1.40655 4.3776 -6
214 0.2704 0.2712 0.201828 1.41005 4.3728 -6
215 0.2712 0.272 0.202958 1.41354 4.368 -6
216 0.272 0.2728 0.20409 1.41703 4.3632 -6
217 0.2728 0.2736 0.205225 1.42051 4.3584 -6
218 0.2736 0.2744 0.206363 1.42399 4.3536 -6
219 0.2744 0.2752 0.207503 1.42747 4.3488 -6
220 0.2752 0.276 0.208647 1.43095 4.344 -6
221 0.276 0.2768 0.209793 1.43441 4.3392 -6
222 0.2768 0.2776 0.210942 1.43788 4.3344 -6
223 0.2776 0.2784 0.212094 1.44134 4.3296 -6
224 0.2784 0.2792 0.213248 1.4448 4.3248 -6
225 0.2792 0.28 0.214405 1.44825 4.32 -6
226 0.28 0.2808 0.215565 1.4517 4.3152 -6
227 0.2808 0.2816 0.216728 1.45515 4.3104 -6
228 0.2816 0.2824 0.217893 1.45859 4.3056 -6
229 0.2824 0.2832 0.219062 1.46203 4.3008 -6
230 0.2832 0.284 0.220233 1.46547 4.296 -6
231 0.284 0.2848 0.221406 1.4689 4.2912 -6
232 0.2848 0.2856 0.222583 1.47233 4.2864 -6
233 0.2856 0.2864 0.223762 1.47575 4.2816 -6
234 0.2864 0.2872 0.224944 1.47917 4.2768 -6
235 0.2872 0.288 0.226129 1.48258 4.272 -6
236 0.288 0.2888 0.227316 1.486 4.2672 -6
237 0.2888 0.2896 0.228506 1.4894 4.2624 -6
238 0.2896 0.2904 0.229699 1.49281 4.2576 -6
239 0.2904 0.2912 0.230895 1.49621 4.2528 -6
240 0.2912 0.292 0.232093 1.4996 4.248 -6
241 0.292 0.2928 0.233294 1.503 4.2432 -6
242 0.2928 0.2936 0.234498 1.50639 4.2384 -6
243 0.2936 0.2944 0.235704 1.50977 4.2336 -6
244 0.2944 0.2952 0.236914 1.51315 4.2288 -6
245 0.2952 0.296 0.238126 1.51653 4.224 -6
246 0.296 0.2968 0.23934 1.5199 4.2192 -6
247 0.2968 0.2976 0.240557 1.52327 4.2144 -6
248 0.2976 0.2984 0.241777 1.52664 4.2096 -6
249 0.2984 0.2992 0.243 1.53 4.2048 -6
250 0.2992 0.3 0.244225 1.53336 4.2 -6
251 0.3 0.3008 0.245453 1.53671 4.1952 -6
252 0.3008 0.3016 0.246684 1.54006 4.1904 -6
253 0.3016 0.3024 0.247917 1.54341 4.1856 -6
254 0.3024 0.3032 0.249154 1.54675 4.1808 -6
255 0.3032 0.304 0.250392 1.55009 4.176 -6
256 0.304 0.3048 0.251634 1.55343 4.1712 -6
257 0.3048 0.3056 0.252878 1.55676 4.1664 -6
258 0.3056 0.3064 0.254124 1.56008 4.1616 -6
259 0.3064 0.3072 0.255374 1.56341 4.1568 -6
260 0.3072 0.308 0.256626 1.56673 4.152 -6
261 0.308 0.3088 0.257881 1.57004 4.1472 -6
262 0.3088 0.3096 0.259138 1.57336 4.1424 -6
263 0.3096 0.3104 0.260398 1.57666 4.1376 -6
264 0.3104 0.3112 0.261661 1.57997 4.1328 -6
265 0.3112 0.312 0.262926 1.58327 4.128 -6
266 0.312 0.3128 0.264194 1.58657 4.1232 -6
267 0.3128 0.3136 0.265464 1.58986 4.1184 -6
268 0.3136 0.3144 0.266738 1.59315 4.1136 -6
269 0.3144 0.3152 0.268014 1.59643 4.1088 -6
270 0.3152 0.316 0.269292 1.59971 4.104 -6
271 0.316 0.3168 0.270573 1.60299 4.0992 -6
272 0.3168 0.3176 0.271857 1.60626 4.0944 -6
273 0.3176 0.3184 0.273143 1.60953 4.0896 -6
274 0.3184 0.3192 0.274432 1.6128 4.0848 -6
275 0.3192 0.32 0.275724 1.61606 4.08 -6
276 0.32 0.3208 0.277018 1.61932 4.0752 -6
277 0.3208 0.3216 0.278314 1.62257 4.0704 -6
278 0.3216 0.3224 0.279614 1.62583 4.0656 -6
279 0.3224 0.3232 0.280916 1.62907 4.0608 -6
280 0.3232 0.324 0.28222 1.63231 4.056 -6
281 0.324 0.3248 0.283527 1.63555 4.0512 -6
282 0.3248 0.3256 0.284837 1.63879 4.0464 -6
283 0.3256 0.3264 0.28615 1.64202 4.0416 -6
284 0.3264 0.3272 0.287464 1.64525 4.0368 -6
285 0.3272 0.328 0.288782 1.64847 4.032 -6
286 0.328 0.3288 0.290102 1.65169 4.0272 -6
287 0.3288 0.3296 0.291425 1.65491 4.0224 -6
288 0.3296 0.3304 0.29275 1.65812 4.0176 -6
289 0.3304 0.3312 0.294078 1.66133 4.0128 -6
290 0.3312 0.332 0.295408 1.66453 4.008 -6
291 0.332 0.3328 0.296741 1.66773 4.0032 -6
292 0.3328 0.3336 0.298076 1.67093 3.9984 -6
293 0.3336 0.3344 0.299414 1.67412 3.9936 -6
294 0.3344 0.3352 0.300755 1.67731 3.9888 -6
295 0.3352 0.336 0.302098 1.6805 3.984 -6
296 0.336 0.3368 0.303444 1.68368 3.9792 -6
297 0.3368 0.3376 0.304792 1.68686 3.9744 -6
298 0.3376 0.3384 0.306143 1.69003 3.9696 -6
299 0.3384 0.3392 0.307496 1.6932 3.9648 -6
300 0.3392 0.34 0.308852 1.69637 3.96 -6
301 0.34 0.3408 0.31021 1.69953 3.9552 -6
302 0.3408 0.3416 0.311571 1.70269 3.9504 -6
303 0.3416 0.3424 0.312934 1.70584 3.9456 -6
304 0.3424 0.3432 0.3143 1.70899 3.9408 -6
305 0.3432 0.344 0.315669 1.71214 3.936 -6
306 0.344 0.3448 0.31704 1.71528 3.9312 -6
307 0.3448 0.3456 0.318413 1.71842 3.9264 -6
308 0.3456 0.3464 0.319789 1.72156 3.9216 -6
309 0.3464 0.3472 0.321168 1.72469 3.9168 -6
310 0.3472 0.348 0.322549 1.72782 3.912 -6
311 0.348 0.3488 0.323932 1.73094 3.9072 -6
312 0.3488 0.3496 0.325318 1.73406 3.9024 -6
313 0.3496 0.3504 0.326707 1.73718 3.8976 -6
314 0.3504 0.3512 0.328098 1.74029 3.8928 -6
315 0.3512 0.352 0.329491 1.7434 3.888 -6
316 0.352 0.3528 0.330887 1.7465 3.8832 -6
317 0.3528 0.3536 0.332286 1.7496 3.8784 -6
318 0.3536 0.3544 0.333687 1.7527 3.8736 -6
319 0.3544 0.3552 0.33509 1.75579 3.8688 -6
320 0.3552 0.356 0.336496 1.75888 3.864 -6
321 0.356 0.3568 0.337904 1.76197 3.8592 -6
322 0.3568 0.3576 0.339315 1.76505 3.8544 -6
323 0.3576 0.3584 0.340728 1.76813 3.8496 -6
324 0.3584 0.3592 0.342144 1.7712 3.8448 -6
325 0.3592 0.36 0.343562 1.77427 3.84 -6
326 0.36 0.3608 0.344983 1.77734 3.8352 -6
327 0.3608 0.3616 0.346406 1.7804 3.8304 -6
328 0.3616 0.3624 0.347831 1.78346 3.8256 -6
329 0.3624 0.3632 0.349259 1.78651 3.8208 -6
330 0.3632 0.364 0.35069 1.78956 3.816 -6
331 0.364 0.3648 0.352123 1.79261 3.8112 -6
332 0.3648 0.3656 0.353558 1.79565 3.8064 -6
333 0.3656 0.3664 0.354996 1.79869 3.8016 -6
334 0.3664 0.3672 0.356436 1.80173 3.7968 -6
335 0.3672 0.368 0.357879 1.80476 3.792 -6
336 0.368 0.3688 0.359324 1.80779 3.7872 -6
337 0.3688 0.3696 0.360771 1.81081 3.7824 -6
338 0.3696 0.3704 0.362221 1.81383 3.7776 -6
339 0.3704 0.3712 0.363673 1.81685 3.7728 -6
340 0.3712 0.372 0.365128 1.81986 3.768 -6
341 0.372 0.3728 0.366585 1.82287 3.7632 -6
342 0.3728 0.3736 0.368044 1.82587 3.7584 -6
343 0.3736 0.3744 0.369506 1.82887 3.7536 -6
344 0.3744 0.3752 0.370971 1.83187 3.7488 -6
345 0.3752 0.376 0.372437 1.83487 3.744 -6
346 0.376 0.3768 0.373906 1.83785 3.7392 -6
347 0.3768 0.3776 0.375378 1.84084 3.7344 -6
348 0.3776 0.3784 0.376852 1.84382 3.7296 -6
349 0.3784 0.3792 0.378328 1.8468 3.7248 -6
350 0.3792 0.38 0.379807 1.84977 3.72 -6
351 0.38 0.3808 0.381288 1.85274 3.7152 -6
352 0.3808 0.3816 0.382771 1.85571 3.7104 -6
353 0.3816 0.3824 0.384257 1.85867 3.7056 -6
354 0.3824 0.3832 0.385745 1.86163 3.7008 -6
355 0.3832 0.384 0.387235 1.86459 3.696 -6
356 0.384 0.3848 0.388728 1.86754 3.6912 -6
357 0.3848 0.3856 0.390223 1.87049 3.6864 -6
358 0.3856 0.3864 0.391721 1.87343 3.6816 -6
359 0.3864 0.3872 0.393221 1.87637 3.6768 -6
360 0.3872 0.388 0.394723 1.8793 3.672 -6
361 0.388 0.3888 0.396228 1.88224 3.6672 -6
362 0.3888 0.3896 0.397735 1.88516 3.6624 -6
363 0.3896 0.3904 0.399244 1.88809 3.6576 -6
364 0.3904 0.3912 0.400756 1.89101 3.6528 -6
365 0.3912 0.392 0.40227 1.89392 3.648 -6
366 0.392 0.3928 0.403786 1.89684 3.6432 -6
367 0.3928 0.3936 0.405305 1.89975 3.6384 -6
368 0.3936 0.3944 0.406826 1.90265 3.6336 -6
369 0.3944 0.3952 0.408349 1.90555 3.6288 -6
370 0.3952 0.396 0.409874 1.90845 3.624 -6
371 0.396 0.3968 0.411402 1.91134 3.6192 -6
372 0.3968 0.3976 0.412933 1.91423 3.6144 -6
373 0.3976 0.3984 0.414465 1.91712 3.6096 -6
374 0.3984 0.3992 0.416 1.92 3.6048 -6
375 0.3992 0.4 0.417537 1.92288 3.6 -6
376 0.4 0.4008 0.419077 1.92575 3.5952 -6
377 0.4008 0.4016 0.420618 1.92862 3.5904 -6
378 0.4016 0.4024 0.422162 1.93149 3.5856 -6
379 0.4024 0.4032 0.423709 1.93435 3.5808 -6
380 0.4032 0.404 0.425257 1.93721 3.576 -6
381 0.404 0.4048 0.426808 1.94007 3.5712 -6
382 0.4048 0.4056 0.428361 1.94292 3.5664 -6
383 0.4056 0.4064 0.429917 1.94576 3.5616 -6
384 0.4064 0.4072 0.431475 1.94861 3.5568 -6
385 0.4072 0.408 0.433035 1.95145 3.552 -6
386 0.408 0.4088 0.434597 1.95428 3.5472 -6
387 0.4088 0.4096 0.436162 1.95712 3.5424 -6
388 0.4096 0.4104 0.437728 1.95994 3.5376 -6
389 0.4104 0.4112 0.439297 1.96277 3.5328 -6
390 0.4112 0.412 0.440869 1.96559 3.528 -6
391 0.412 0.4128 0.442442 1.96841 3.5232 -6
392 0.4128 0.4136 0.444018 1.97122 3.5184 -6
393 0.4136 0.4144 0.445596 1.97403 3.5136 -6
394 0.4144 0.4152 0.447177 1.97683 3.5088 -6
395 0.4152 0.416 0.448759 1.97963 3.504 -6
396 0.416 0.4168 0.450344 1.98243 3.4992 -6
397 0.4168 0.4176 0.451931 1.98522 3.4944 -6
398 0.4176 0.4184 0.45352 1.98801 3.4896 -6
399 0.4184 0.4192 0.455112 1.9908 3.4848 -6
400 0.4192 0.42 0.456706 1.99358 3.48 -6
401 0.42 0.4208 0.458302 1.99636 3.4752 -6
402 0.4208 0.4216 0.4599 1.99913 3.4704 -6
403 0.4216 0.4224 0.4615 2.00191 3.4656 -6
404 0.4224 0.4232 0.463103 2.00467 3.4608 -6
405 0.4232 0.424 0.464708 2.00743 3.456 -6
406 0.424 0.4248 0.466315 2.01019 3.4512 -6
407 0.4248 0.4256 0.467924 2.01295 3.4464 -6
408 0.4256 0.4264 0.469536 2.0157 3.4416 -6
409 0.4264 0.4272 0.471149 2.01845 3.4368 -6
410 0.4272 0.428 0.472765 2.02119 3.432 -6
411 0.428 0.4288 0.474383 2.02393 3.4272 -6
412 0.4288 0.4296 0.476003 2.02667 3.4224 -6
413 0.4296 0.4304 0.477626 2.0294 3.4176 -6
414 0.4304 0.4312 0.47925 2.03213 3.4128 -6
415 0.4312 0.432 0.480877 2.03485 3.408 -6
416 0.432 0.4328 0.482506 2.03757 3.4032 -6
417 0.4328 0.4336 0.484137 2.04029 3.3984 -6
418 0.4336 0.4344 0.485771 2.043 3.3936 -6
419 0.4344 0.4352 0.487406 2.04571 3.3888 -6
420 0.4352 0.436 0.489044 2.04842 3.384 -6
421 0.436 0.4368 0.490684 2.05112 3.3792 -6
422 0.4368 0.4376 0.492326 2.05382 3.3744 -6
423 0.4376 0.4384 0.49397 2.05651 3.3696 -6
424 0.4384 0.4392 0.495616 2.0592 3.3648 -6
425 0.4392 0.44 0.497264 2.06189 3.36 -6
426 0.44 0.4408 0.498915 2.06457 3.3552 -6
427 0.4408 0.4416 0.500568 2.06725 3.3504 -6
428 0.4416 0.4424 0.502223 2.06992 3.3456 -6
429 0.4424 0.4432 0.50388 2.07259 3.3408 -6
430 0.4432 0.444 0.505539 2.07526 3.336 -6
431 0.444 0.4448 0.5072 2.07792 3.3312 -6
432 0.4448 0.4456 0.508863 2.08058 3.3264 -6
433 0.4456 0.4464 0.510529 2.08324 3.3216 -6
434 0.4464 0.4472 0.512197 2.08589 3.3168 -6
435 0.4472 0.448 0.513866 2.08854 3.312 -6
436 0.448 0.4488 0.515538 2.09118 3.3072 -6
437 0.4488 0.4496 0.517212 2.09382 3.3024 -6
438 0.4496 0.4504 0.518888 2.09646 3.2976 -6
439 0.4504 0.4512 0.520567 2.09909 3.2928 -6
440 0.4512 0.452 0.522247 2.10172 3.288 -6
441 0.452 0.4528 0.523929 2.10434 3.2832 -6
442 0.4528 0.4536 0.525614 2.10696 3.2784 -6
443 0.4536 0.4544 0.5273 2.10958 3.2736 -6
444 0.4544 0.4552 0.528989 2.11219 3.2688 -6
445 0.4552 0.456 0.53068 2.1148 3.264 -6
446 0.456 0.4568 0.532373 2.11741 3.2592 -6
447 0.4568 0.4576 0.534068 2.12001 3.2544 -6
448 0.4576 0.4584 0.535765 2.12261 3.2496 -6
449 0.4584 0.4592 0.537464 2.1252 3.2448 -6
450 0.4592 0.46 0.539165 2.12779 3.24 -6
451 0.46 0.4608 0.540868 2.13038 3.2352 -6
452 0.4608 0.4616 0.542574 2.13296 3.2304 -6
453 0.4616 0.4624 0.544281 2.13554 3.2256 -6
454 0.4624 0.4632 0.545991 2.13811 3.2208 -6
455 0.4632 0.464 0.547702 2.14068 3.216 -6
456 0.464 0.4648 0.549416 2.14325 3.2112 -6
457 0.4648 0.4656 0.551131 2.14581 3.2064 -6
458 0.4656 0.4664 0.552849 2.14837 3.2016 -6
459 0.4664 0.4672 0.554569 2.15093 3.1968 -6
460 0.4672 0.468 0.556291 2.15348 3.192 -6
461 0.468 0.4688 0.558014 2.15603 3.1872 -6
462 0.4688 0.4696 0.55974 2.15857 3.1824 -6
463 0.4696 0.4704 0.561468 2.16111 3.1776 -6
464 0.4704 0.4712 0.563198 2.16365 3.1728 -6
465 0.4712 0.472 0.56493 2.16618 3.168 -6
466 0.472 0.4728 0.566664 2.16871 3.1632 -6
467 0.4728 0.4736 0.5684 2.17123 3.1584 -6
468 0.4736 0.4744 0.570138 2.17375 3.1536 -6
469 0.4744 0.4752 0.571878 2.17627 3.1488 -6
470 0.4752 0.476 0.57362 2.17879 3.144 -6
471 0.476 0.4768 0.575364 2.18129 3.1392 -6
472 0.4768 0.4776 0.57711 2.1838 3.1344 -6
473 0.4776 0.4784 0.578858 2.1863 3.1296 -6
474 0.4784 0.4792 0.580608 2.1888 3.1248 -6
475 0.4792 0.48 0.58236 2.19129 3.12 -6
476 0.48 0.4808 0.584114 2.19378 3.1152 -6
477 0.4808 0.4816 0.58587 2.19627 3.1104 -6
478 0.4816 0.4824 0.587628 2.19875 3.1056 -6
479 0.4824 0.4832 0.589388 2.20123 3.1008 -6
480 0.4832 0.484 0.59115 2.20371 3.096 -6
481 0.484 0.4848 0.592914 2.20618 3.0912 -6
482 0.4848 0.4856 0.59468 2.20865 3.0864 -6
483 0.4856 0.4864 0.596448 2.21111 3.0816 -6
484 0.4864 0.4872 0.598218 2.21357 3.0768 -6
485 0.4872 0.488 0.59999 2.21602 3.072 -6
486 0.488 0.4888 0.601763 2.21848 3.0672 -6
487 0.4888 0.4896 0.603539 2.22092 3.0624 -6
488 0.4896 0.4904 0.605317 2.22337 3.0576 -6
489 0.4904 0.4912 0.607097 2.22581 3.0528 -6
490 0.4912 0.492 0.608878 2.22824 3.048 -6
491 0.492 0.4928 0.610662 2.23068 3.0432 -6
492 0.4928 0.4936 0.612447 2.23311 3.0384 -6
493 0.4936 0.4944 0.614235 2.23553 3.0336 -6
494 0.4944 0.4952 0.616024 2.23795 3.0288 -6
495 0.4952 0.496 0.617815 2.24037 3.024 -6
496 0.496 0.4968 0.619609 2.24278 3.0192 -6
497 0.4968 0.4976 0.621404 2.24519 3.0144 -6
498 0.4976 0.4984 0.623201 2.2476 3.0096 -6
499 0.4984 0.4992 0.625 2.25 3.0048 -6
500 0.4992 0.5 0.626801 2.2524 3 -6
501 0.5 0.5008 0.628604 2.25479 2.9952 -6
502 0.5008 0.5016 0.630409 2.25718 2.9904 -6
503 0.5016 0.5024 0.632215 2.25957 2.9856 -6
504 0.5024 0.5032 0.634024 2.26195 2.9808 -6
505 0.5032 0.504 0.635834 2.26433 2.976 -6
506 0.504 0.5048 0.637647 2.26671 2.9712 -6
507 0.5048 0.5056 0.639461 2.26908 2.9664 -6
508 0.5056 0.5064 0.641277 2.27144 2.9616 -6
509 0.5064 0.5072 0.643095 2.27381 2.9568 -6
510 0.5072 0.508 0.644915 2.27617 2.952 -6
511 0.508 0.5088 0.646737 2.27852 2.9472 -6
512 0.5088 0.5096 0.648561 2.28088 2.9424 -6
513 0.5096 0.5104 0.650387 2.28322 2.9376 -6
514 0.5104 0.5112 0.652214 2.28557 2.9328 -6
515 0.5112 0.512 0.654044 2.28791 2.928 -6
516 0.512 0.5128 0.655875 2.29025 2.9232 -6
517 0.5128 0.5136 0.657708 2.29258 2.9184 -6
518 0.5136 0.5144 0.659543 2.29491 2.9136 -6
519 0.5144 0.5152 0.66138 2.29723 2.9088 -6
520 0.5152 0.516 0.663219 2.29955 2.904 -6
521 0.516 0.5168 0.665059 2.30187 2.8992 -6
522 0.5168 0.5176 0.666902 2.30418 2.8944 -6
523 0.5176 0.5184 0.668746 2.30649 2.8896 -6
524 0.5184 0.5192 0.670592 2.3088 2.8848 -6
525 0.5192 0.52 0.67244 2.3111 2.88 -6
526 0.52 0.5208 0.67429 2.3134 2.8752 -6
527 0.5208 0.5216 0.676141 2.31569 2.8704 -6
528 0.5216 0.5224 0.677995 2.31799 2.8656 -6
529 0.5224 0.5232 0.67985 2.32027 2.8608 -6
530 0.5232 0.524 0.681707 2.32255 2.856 -6
531 0.524 0.5248 0.683566 2.32483 2.8512 -6
532 0.5248 0.5256 0.685427 2.32711 2.8464 -6
533 0.5256 0.5264 0.68729 2.32938 2.8416 -6
534 0.5264 0.5272 0.689154 2.33165 2.8368 -6
535 0.5272 0.528 0.69102 2.33391 2.832 -6
536 0.528 0.5288 0.692888 2.33617 2.8272 -6
537 0.5288 0.5296 0.694758 2.33843 2.8224 -6
538 0.5296 0.5304 0.69663 2.34068 2.8176 -6
539 0.5304 0.5312 0.698503 2.34293 2.8128 -6
540 0.5312 0.532 0.700378 2.34517 2.808 -6
541 0.532 0.5328 0.702256 2.34741 2.8032 -6
542 0.5328 0.5336 0.704134 2.34965 2.7984 -6
543 0.5336 0.5344 0.706015 2.35188 2.7936 -6
544 0.5344 0.5352 0.707897 2.35411 2.7888 -6
545 0.5352 0.536 0.709782 2.35634 2.784 -6
546 0.536 0.5368 0.711667 2.35856 2.7792 -6
547 0.5368 0.5376 0.713555 2.36078 2.7744 -6
548 0.5376 0.5384 0.715445 2.36299 2.7696 -6
549 0.5384 0.5392 0.717336 2.3652 2.7648 -6
550 0.5392 0.54 0.719229 2.36741 2.76 -6
551 0.54 0.5408 0.721124 2.36961 2.7552 -6
552 0.5408 0.5416 0.72302 2.37181 2.7504 -6
553 0.5416 0.5424 0.724919 2.374 2.7456 -6
554 0.5424 0.5432 0.726819 2.37619 2.7408 -6
555 0.5432 0.544 0.728721 2.37838 2.736 -6
556 0.544 0.5448 0.730624 2.38056 2.7312 -6
557 0.5448 0.5456 0.73253 2.38274 2.7264 -6
558 0.5456 0.5464 0.734437 2.38492 2.7216 -6
559 0.5464 0.5472 0.736345 2.38709 2.7168 -6
560 0.5472 0.548 0.738256 2.38926 2.712 -6
561 0.548 0.5488 0.740168 2.39142 2.7072 -6
562 0.5488 0.5496 0.742082 2.39358 2.7024 -6
563 0.5496 0.5504 0.743998 2.39574 2.6976 -6
564 0.5504 0.5512 0.745915 2.39789 2.6928 -6
565 0.5512 0.552 0.747835 2.40004 2.688 -6
566 0.552 0.5528 0.749755 2.40218 2.6832 -6
567 0.5528 0.5536 0.751678 2.40432 2.6784 -6
568 0.5536 0.5544 0.753602 2.40646 2.6736 -6
569 0.5544 0.5552 0.755528 2.40859 2.6688 -6
570 0.5552 0.556 0.757456 2.41072 2.664 -6
571 0.556 0.5568 0.759386 2.41285 2.6592 -6
572 0.5568 0.5576 0.761317 2.41497 2.6544 -6
573 0.5576 0.5584 0.763249 2.41709 2.6496 -6
574 0.5584 0.5592 0.765184 2.4192 2.6448 -6
575 0.5592 0.56 0.76712 2.42131 2.64 -6
576 0.56 0.5608 0.769058 2.42342 2.6352 -6
577 0.5608 0.5616 0.770998 2.42552 2.6304 -6
578 0.5616 0.5624 0.772939 2.42762 2.6256 -6
579 0.5624 0.5632 0.774882 2.42971 2.6208 -6
580 0.5632 0.564 0.776826 2.4318 2.616 -6
581 0.564 0.5648 0.778773 2.43389 2.6112 -6
582 0.5648 0.5656 0.780721 2.43597 2.6064 -6
583 0.5656 0.5664 0.78267 2.43805 2.6016 -6
584 0.5664 0.5672 0.784622 2.44013 2.5968 -6
585 0.5672 0.568 0.786574 2.4422 2.592 -6
586 0.568 0.5688 0.788529 2.44427 2.5872 -6
587 0.5688 0.5696 0.790485 2.44633 2.5824 -6
588 0.5696 0.5704 0.792443 2.44839 2.5776 -6
589 0.5704 0.5712 0.794403 2.45045 2.5728 -6
590 0.5712 0.572 0.796364 2.4525 2.568 -6
591 0.572 0.5728 0.798327 2.45455 2.5632 -6
592 0.5728 0.5736 0.800291 2.45659 2.5584 -6
593 0.5736 0.5744 0.802257 2.45863 2.5536 -6
594 0.5744 0.5752 0.804225 2.46067 2.5488 -6
595 0.5752 0.576 0.806194 2.46271 2.544 -6
596 0.576 0.5768 0.808165 2.46473 2.5392 -6
597 0.5768 0.5776 0.810138 2.46676 2.5344 -6
598 0.5776 0.5784 0.812112 2.46878 2.5296 -6
599 0.5784 0.5792 0.814088 2.4708 2.5248 -6
600 0.5792 0.58 0.816065 2.47281 2.52 -6
601 0.58 0.5808 0.818045 2.47482 2.5152 -6
602 0.5808 0.5816 0.820025 2.47683 2.5104 -6
603 0.5816 0.5824 0.822007 2.47883 2.5056 -6
604 0.5824 0.5832 0.823991 2.48083 2.5008 -6
605 0.5832 0.584 0.825977 2.48283 2.496 -6
606 0.584 0.5848 0.827964 2.48482 2.4912 -6
607 0.5848 0.5856 0.829952 2.48681 2.4864 -6
608 0.5856 0.5864 0.831943 2.48879 2.4816 -6
609 0.5864 0.5872 0.833935 2.49077 2.4768 -6
610 0.5872 0.588 0.835928 2.49274 2.472 -6
611 0.588 0.5888 0.837923 2.49472 2.4672 -6
612 0.5888 0.5896 0.839919 2.49668 2.4624 -6
613 0.5896 0.5904 0.841918 2.49865 2.4576 -6
614 0.5904 0.5912 0.843917 2.50061 2.4528 -6
615 0.5912 0.592 0.845919 2.50256 2.448 -6
616 0.592 0.5928 0.847921 2.50452 2.4432 -6
617 0.5928 0.5936 0.849926 2.50647 2.4384 -6
618 0.5936 0.5944 0.851932 2.50841 2.4336 -6
619 0.5944 0.5952 0.853939 2.51035 2.4288 -6
620 0.5952 0.596 0.855948 2.51229 2.424 -6
621 0.596 0.5968 0.857959 2.51422 2.4192 -6
622 0.5968 0.5976 0.859971 2.51615 2.4144 -6
623 0.5976 0.5984 0.861985 2.51808 2.4096 -6
624 0.5984 0.5992 0.864 2.52 2.4048 -6
625 0.5992 0.6 0.866017 2.52192 2.4 -6
626 0.6 0.6008 0.868035 2.52383 2.3952 -6
627 0.6008 0.6016 0.870055 2.52574 2.3904 -6
628 0.6016 0.6024 0.872076 2.52765 2.3856 -6
629 0.6024 0.6032 0.874099 2.52955 2.3808 -6
630 0.6032 0.604 0.876124 2.53145 2.376 -6
631 0.604 0.6048 0.878149 2.53335 2.3712 -6
632 0.6048 0.6056 0.880177 2.53524 2.3664 -6
633 0.6056 0.6064 0.882206 2.53712 2.3616 -6
634 0.6064 0.6072 0.884236 2.53901 2.3568 -6
635 0.6072 0.608 0.886268 2.54089 2.352 -6
636 0.608 0.6088 0.888302 2.54276 2.3472 -6
637 0.6088 0.6096 0.890337 2.54464 2.3424 -6
638 0.6096 0.6104 0.892373 2.5465 2.3376 -6
639 0.6104 0.6112 0.894411 2.54837 2.3328 -6
640 0.6112 0.612 0.896451 2.55023 2.328 -6
641 0.612 0.6128 0.898491 2.55209 2.3232 -6
642 0.6128 0.6136 0.900534 2.55394 2.3184 -6
643 0.6136 0.6144 0.902578 2.55579 2.3136 -6
644 0.6144 0.6152 0.904623 2.55763 2.3088 -6
645 0.6152 0.616 0.90667 2.55947 2.304 -6
646 0.616 0.6168 0.908718 2.56131 2.2992 -6
647 0.6168 0.6176 0.910768 2.56314 2.2944 -6
648 0.6176 0.6184 0.912819 2.56497 2.2896 -6
649 0.6184 0.6192 0.914872 2.5668 2.2848 -6
650 0.6192 0.62 0.916926 2.56862 2.28 -6
651 0.62 0.6208 0.918982 2.57044 2.2752 -6
652 0.6208 0.6216 0.921039 2.57225 2.2704 -6
653 0.6216 0.6224 0.923097 2.57407 2.2656 -6
654 0.6224 0.6232 0.925157 2.57587 2.2608 -6
655 0.6232 0.624 0.927219 2.57767 2.256 -6
656 0.624 0.6248 0.929282 2.57947 2.2512 -6
657 0.6248 0.6256 0.931346 2.58127 2.2464 -6
658 0.6256 0.6264 0.933412 2.58306 2.2416 -6
659 0.6264 0.6272 0.935479 2.58485 2.2368 -6
660 0.6272 0.628 0.937547 2.58663 2.232 -6
661 0.628 0.6288 0.939617 2.58841 2.2272 -6
662 0.6288 0.6296 0.941689 2.59019 2.2224 -6
663 0.6296 0.6304 0.943762 2.59196 2.2176 -6
664 0.6304 0.6312 0.945836 2.59373 2.2128 -6
665 0.6312 0.632 0.947912 2.59549 2.208 -6
666 0.632 0.6328 0.949989 2.59725 2.2032 -6
667 0.6328 0.6336 0.952067 2.59901 2.1984 -6
668 0.6336 0.6344 0.954147 2.60076 2.1936 -6
669 0.6344 0.6352 0.956229 2.60251 2.1888 -6
670 0.6352 0.636 0.958311 2.60426 2.184 -6
671 0.636 0.6368 0.960395 2.606 2.1792 -6
672 0.6368 0.6376 0.962481 2.60774 2.1744 -6
673 0.6376 0.6384 0.964568 2.60947 2.1696 -6
674 0.6384 0.6392 0.966656 2.6112 2.1648 -6
675 0.6392 0.64 0.968746 2.61293 2.16 -6
676 0.64 0.6408 0.970837 2.61465 2.1552 -6
677 0.6408 0.6416 0.972929 2.61637 2.1504 -6
678 0.6416 0.6424 0.975023 2.61808 2.1456 -6
679 0.6424 0.6432 0.977118 2.61979 2.1408 -6
680 0.6432 0.644 0.979215 2.6215 2.136 -6
681 0.644 0.6448 0.981312 2.6232 2.1312 -6
682 0.6448 0.6456 0.983412 2.6249 2.1264 -6
683 0.6456 0.6464 0.985512 2.6266 2.1216 -6
684 0.6464 0.6472 0.987614 2.62829 2.1168 -6
685 0.6472 0.648 0.989718 2.62998 2.112 -6
686 0.648 0.6488 0.991822 2.63166 2.1072 -6
687 0.6488 0.6496 0.993928 2.63334 2.1024 -6
688 0.6496 0.6504 0.996036 2.63502 2.0976 -6
689 0.6504 0.6512 0.998144 2.63669 2.0928 -6
690 0.6512 0.652 1.00025 2.63836 2.088 -6
691 0.652 0.6528 1.00237 2.64002 2.0832 -6
692 0.6528 0.6536 1.00448 2.64168 2.0784 -6
693 0.6536 0.6544 1.00659 2.64334 2.0736 -6
694 0.6544 0.6552 1.00871 2.64499 2.0688 -6
695 0.6552 0.656 1.01082 2.64664 2.064 -6
696 0.656 0.6568 1.01294 2.64829 2.0592 -6
697 0.6568 0.6576 1.01506 2.64993 2.0544 -6
698 0.6576 0.6584 1.01718 2.65157 2.0496 -6
699 0.6584 0.6592 1.0193 2.6532 2.0448 -6
700 0.6592 0.66 1.02143 2.65483 2.04 -6
701 0.66 0.6608 1.02355 2.65646 2.0352 -6
702 0.6608 0.6616 1.02568 2.65808 2.0304 -6
703 0.6616 0.6624 1.0278 2.6597 2.0256 -6
704 0.6624 0.6632 1.02993 2.66131 2.0208 -6
705 0.6632 0.664 1.03206 2.66292 2.016 -6
706 0.664 0.6648 1.03419 2.66453 2.0112 -6
707 0.6648 0.6656 1.03633 2.66613 2.0064 -6
708 0.6656 0.6664 1.03846 2.66773 2.0016 -6
709 0.6664 0.6672 1.04059 2.66933 1.9968 -6
710 0.6672 0.668 1.04273 2.67092 1.992 -6
711 0.668 0.6688 1.04487 2.67251 1.9872 -6
712 0.6688 0.6696 1.04701 2.67409 1.9824 -6
713 0.6696 0.6704 1.04915 2.67567 1.9776 -6
714 0.6704 0.6712 1.05129 2.67725 1.9728 -6
715 0.6712 0.672 1.05343 2.67882 1.968 -6
716 0.672 0.6728 1.05557 2.68039 1.9632 -6
717 0.6728 0.6736 1.05772 2.68195 1.9584 -6
718 0.6736 0.6744 1.05986 2.68351 1.9536 -6
719 0.6744 0.6752 1.06201 2.68507 1.9488 -6
720 0.6752 0.676 1.06416 2.68663 1.944 -6
721 0.676 0.6768 1.06631 2.68817 1.9392 -6
722 0.6768 0.6776 1.06846 2.68972 1.9344 -6.00001
723 0.6776 0.6784 1.07061 2.69126 1.9296 -6
724 0.6784 0.6792 1.07277 2.6928 1.9248 -6
725 0.6792 0.68 1.07492 2.69433 1.92 -6
726 0.68 0.6808 1.07708 2.69586 1.9152 -6
727 0.6808 0.6816 1.07924 2.69739 1.9104 -6
728 0.6816 0.6824 1.08139 2.69891 1.9056 -6
729 0.6824 0.6832 1.08355 2.70043 1.9008 -6
730 0.6832 0.684 1.08572 2.70195 1.896 -6
731 0.684 0.6848 1.08788 2.70346 1.8912 -6
732 0.6848 0.6856 1.09004 2.70497 1.8864 -6
733 0.6856 0.6864 1.09221 2.70647 1.8816 -6
734 0.6864 0.6872 1.09437 2.70797 1.8768 -6
735 0.6872 0.688 1.09654 2.70946 1.872 -6
736 0.688 0.6888 1.09871 2.71096 1.8672 -6
737 0.6888 0.6896 1.10088 2.71244 1.8624 -6
738 0.6896 0.6904 1.10305 2.71393 1.8576 -6
739 0.6904 0.6912 1.10522 2.71541 1.8528 -6
740 0.6912 0.692 1.10739 2.71688 1.848 -6
741 0.692 0.6928 1.10957 2.71836 1.8432 -6
742 0.6928 0.6936 1.11174 2.71983 1.8384 -6
743 0.6936 0.6944 1.11392 2.72129 1.8336 -6
744 0.6944 0.6952 1.11609 2.72275 1.8288 -6
745 0.6952 0.696 1.11827 2.72421 1.824 -6
746 0.696 0.6968 1.12045 2.72566 1.8192 -6
747 0.6968 0.6976 1.12263 2.72711 1.8144 -6
748 0.6976 0.6984 1.12482 2.72856 1.8096 -6
749 0.6984 0.6992 1.127 2.73 1.8048 -6
750 0.6992 0.7 1.12918 2.73144 1.8 -6
751 0.7 0.7008 1.13137 2.73287 1.7952 -6
752 0.7008 0.7016 1.13356 2.7343 1.7904 -6
753 0.7016 0.7024 1.13575 2.73573 1.7856 -6
754 0.7024 0.7032 1.13793 2.73715 1.7808 -6
755 0.7032 0.704 1.14012 2.73857 1.776 -6
756 0.704 0.7048 1.14232 2.73999 1.7712 -6
757 0.7048 0.7056 1.14451 2.7414 1.7664 -6
758 0.7056 0.7064 1.1467 2.7428 1.7616 -6
759 0.7064 0.7072 1.1489 2.74421 1.7568 -6
760 0.7072 0.708 1.15109 2.74561 1.752 -6
761 0.708 0.7088 1.15329 2.747 1.7472 -6
762 0.7088 0.7096 1.15549 2.7484 1.7424 -6
763 0.7096 0.7104 1.15769 2.74978 1.7376 -6
764 0.7104 0.7112 1.15989 2.75117 1.7328 -6
765 0.7112 0.712 1.16209 2.75255 1.728 -5.99999
766 0.712 0.7128 1.16429 2.75393 1.7232 -6
767 0.7128 0.7136 1.1665 2.7553 1.7184 -6
768 0.7136 0.7144 1.1687 2.75667 1.7136 -6
769 0.7144 0.7152 1.17091 2.75803 1.7088 -6
770 0.7152 0.716 1.17311 2.75939 1.704 -6
771 0.716 0.7168 1.17532 2.76075 1.6992 -6
772 0.7168 0.7176 1.17753 2.7621 1.6944 -6
773 0.7176 0.7184 1.17974 2.76345 1.6896 -6
774 0.7184 0.7192 1.18195 2.7648 1.6848 -6
775 0.7192 0.72 1.18416 2.76614 1.68 -6
776 0.72 0.7208 1.18638 2.76748 1.6752 -6
777 0.7208 0.7216 1.18859 2.76881 1.6704 -6
778 0.7216 0.7224 1.19081 2.77015 1.6656 -6.00001
779 0.7224 0.7232 1.19302 2.77147 1.6608 -6
780 0.7232 0.724 1.19524 2.77279 1.656 -6
781 0.724 0.7248 1.19746 2.77411 1.6512 -6
782 0.7248 0.7256 1.19968 2.77543 1.6464 -6
783 0.7256 0.7264 1.2019 2.77674 1.6416 -6
784 0.7264 0.7272 1.20412 2.77805 1.6368 -6
785 0.7272 0.728 1.20635 2.77935 1.632 -6
786 0.728 0.7288 1.20857 2.78065 1.6272 -6
787 0.7288 0.7296 1.2108 2.78195 1.6224 -6
788 0.7296 0.7304 1.21302 2.78324 1.6176 -5.99999
789 0.7304 0.7312 1.21525 2.78453 1.6128 -6.00001
790 0.7312 0.732 1.21748 2.78581 1.608 -6
791 0.732 0.7328 1.21971 2.78709 1.6032 -6
792 0.7328 0.7336 1.22194 2.78837 1.5984 -6
793 0.7336 0.7344 1.22417 2.78964 1.5936 -6
794 0.7344 0.7352 1.2264 2.79091 1.5888 -6
795 0.7352 0.736 1.22863 2.79218 1.584 -6
796 0.736 0.7368 1.23087 2.79344 1.5792 -6
797 0.7368 0.7376 1.2331 2.7947 1.5744 -6
798 0.7376 0.7384 1.23534 2.79595 1.5696 -6
799 0.7384 0.7392 1.23758 2.7972 1.5648 -6
800 0.7392 0.74 1.23981 2.79845 1.56 -6
801 0.74 0.7408 1.24205 2.79969 1.5552 -6
802 0.7408 0.7416 1.24429 2.80093 1.5504 -5.99999
803 0.7416 0.7424 1.24653 2.80216 1.5456 -6.00001
804 0.7424 0.7432 1.24878 2.80339 1.5408 -6
805 0.7432 0.744 1.25102 2.80462 1.536 -6
806 0.744 0.7448 1.25326 2.80584 1.5312 -6
807 0.7448 0.7456 1.25551 2.80706 1.5264 -6
808 0.7456 0.7464 1.25776 2.80828 1.5216 -6
809 0.7464 0.7472 1.26 2.80949 1.5168 -6
810 0.7472 0.748 1.26225 2.8107 1.512 -6
811 0.748 0.7488 1.2645 2.8119 1.5072 -6
812 0.7488 0.7496 1.26675 2.8131 1.5024 -6
813 0.7496 0.7504 1.269 2.8143 1.4976 -6
814 0.7504 0.7512 1.27125 2.81549 1.4928 -6
815 0.7512 0.752 1.27351 2.81668 1.488 -6
816 0.752 0.7528 1.27576 2.81786 1.4832 -5.99999
817 0.7528 0.7536 1.27801 2.81904 1.4784 -6
818 0.7536 0.7544 1.28027 2.82022 1.4736 -6
819 0.7544 0.7552 1.28253 2.82139 1.4688 -6
820 0.7552 0.756 1.28478 2.82256 1.464 -6
821 0.756 0.7568 1.28704 2.82373 1.4592 -6
822 0.7568 0.7576 1.2893 2.82489 1.4544 -6
823 0.7576 0.7584 1.29156 2.82605 1.4496 -6
824 0.7584 0.7592 1.29382 2.8272 1.4448 -6
825 0.7592 0.76 1.29609 2.82835 1.44 -6
826 0.76 0.7608 1.29835 2.8295 1.4352 -6
827 0.7608 0.7616 1.30061 2.83064 1.4304 -6
828 0.7616 0.7624 1.30288 2.83178 1.4256 -6
829 0.7624 0.7632 1.30514 2.83291 1.4208 -6
830 0.7632 0.764 1.30741 2.83404 1.416 -6
831 0.764 0.7648 1.30968 2.83517 1.4112 -6
832 0.7648 0.7656 1.31195 2.83629 1.4064 -6
833 0.7656 0.7664 1.31422 2.83741 1.4016 -6
834 0.7664 0.7672 1.31649 2.83853 1.3968 -6
835 0.7672 0.768 1.31876 2.83964 1.392 -6.00001
836 0.768 0.7688 1.32103 2.84075 1.3872 -5.99999
837 0.7688 0.7696 1.3233 2.84185 1.3824 -6
838 0.7696 0.7704 1.32558 2.84295 1.3776 -6
839 0.7704 0.7712 1.32785 2.84405 1.3728 -6
840 0.7712 0.772 1.33013 2.84514 1.368 -5.99999
841 0.772 0.7728 1.3324 2.84623 1.3632 -6.00001
842 0.7728 0.7736 1.33468 2.84731 1.3584 -6
843 0.7736 0.7744 1.33696 2.84839 1.3536 -6
844 0.7744 0.7752 1.33924 2.84947 1.3488 -6
845 0.7752 0.776 1.34152 2.85055 1.344 -6
846 0.776 0.7768 1.3438 2.85161 1.3392 -6
847 0.7768 0.7776 1.34608 2.85268 1.3344 -6
848 0.7776 0.7784 1.34836 2.85374 1.3296 -6
849 0.7784 0.7792 1.35065 2.8548 1.3248 -6
850 0.7792 0.78 1.35293 2.85585 1.32 -6
851 0.78 0.7808 1.35522 2.8569 1.3152 -6
852 0.7808 0.7816 1.3575 2.85795 1.3104 -6
853 0.7816 0.7824 1.35979 2.85899 1.3056 -5.99999
854 0.7824 0.7832 1.36208 2.86003 1.3008 -6.00001
855 0.7832 0.784 1.36437 2.86107 1.296 -5.99999
856 0.784 0.7848 1.36666 2.8621 1.2912 -6
857 0.7848 0.7856 1.36895 2.86313 1.2864 -6
858 0.7856 0.7864 1.37124 2.86415 1.2816 -6
859 0.7864 0.7872 1.37353 2.86517 1.2768 -6
860 0.7872 0.788 1.37582 2.86618 1.272 -6
861 0.788 0.7888 1.37811 2.8672 1.2672 -6
862 0.7888 0.7896 1.38041 2.8682 1.2624 -6
863 0.7896 0.7904 1.3827 2.86921 1.2576 -6
864 0.7904 0.7912 1.385 2.87021 1.2528 -6
865 0.7912 0.792 1.3873 2.8712 1.248 -6
866 0.792 0.7928 1.38959 2.8722 1.2432 -6
867 0.7928 0.7936 1.39189 2.87319 1.2384 -6
868 0.7936 0.7944 1.39419 2.87417 1.2336 -6
869 0.7944 0.7952 1.39649 2.87515 1.2288 -6
870 0.7952 0.796 1.39879 2.87613 1.224 -6
871 0.796 0.7968 1.40109 2.8771 1.2192 -6
872 0.7968 0.7976 1.40339 2.87807 1.2144 -6
873 0.7976 0.7984 1.4057 2.87904 1.2096 -6
874 0.7984 0.7992 1.408 2.88 1.2048 -6
875 0.7992 0.8 1.4103 2.88096 1.2 -6
876 0.8 0.8008 1.41261 2.88191 1.1952 -6
877 0.8008 0.8016 1.41492 2.88286 1.1904 -6
878 0.8016 0.8024 1.41722 2.88381 1.1856 -6
879 0.8024 0.8032 1.41953 2.88475 1.1808 -6
880 0.8032 0.804 1.42184 2.88569 1.176 -6
881 0.804 0.8048 1.42415 2.88663 1.1712 -6
882 0.8048 0.8056 1.42646 2.88756 1.1664 -6
883 0.8056 0.8064 1.42877 2.88848 1.1616 -6
884 0.8064 0.8072 1.43108 2.88941 1.1568 -6
885 0.8072 0.808 1.43339 2.89033 1.152 -6
886 0.808 0.8088 1.4357 2.89124 1.1472 -6
887 0.8088 0.8096 1.43802 2.89216 1.1424 -6
888 0.8096 0.8104 1.44033 2.89306 1.1376 -6.00001
889 0.8104 0.8112 1.44264 2.89397 1.1328 -6
890 0.8112 0.812 1.44496 2.89487 1.128 -6
891 0.812 0.8128 1.44728 2.89577 1.1232 -6
892 0.8128 0.8136 1.44959 2.89666 1.1184 -6
893 0.8136 0.8144 1.45191 2.89755 1.1136 -6
894 0.8144 0.8152 1.45423 2.89843 1.1088 -6
895 0.8152 0.816 1.45655 2.89931 1.104 -6
896 0.816 0.8168 1.45887 2.90019 1.0992 -6
897 0.8168 0.8176 1.46119 2.90106 1.0944 -5.99999
898 0.8176 0.8184 1.46351 2.90193 1.0896 -6
899 0.8184 0.8192 1.46583 2.9028 1.0848 -6
900 0.8192 0.82 1.46815 2.90366 1.08 -6.00001
901 0.82 0.8208 1.47048 2.90452 1.0752 -5.99999
902 0.8208 0.8216 1.4728 2.90537 1.0704 -6
903 0.8216 0.8224 1.47513 2.90623 1.0656 -6
904 0.8224 0.8232 1.47745 2.90707 1.0608 -6
905 0.8232 0.824 1.47978 2.90791 1.056 -6
906 0.824 0.8248 1.4821 2.90875 1.0512 -6
907 0.8248 0.8256 1.48443 2.90959 1.0464 -6
908 0.8256 0.8264 1.48676 2.91042 1.0416 -6
909 0.8264 0.8272 1.48909 2.91125 1.0368 -6
910 0.8272 0.828 1.49142 2.91207 1.032 -6
911 0.828 0.8288 1.49375 2.91289 1.0272 -6
912 0.8288 0.8296 1.49608 2.91371 1.0224 -6
913 0.8296 0.8304 1.49841 2.91452 1.0176 -6
914 0.8304 0.8312 1.50074 2.91533 1.0128 -6
915 0.8312 0.832 1.50307 2.91613 1.008 -5.99999
916 0.832 0.8328 1.50541 2.91693 1.0032 -6
917 0.8328 0.8336 1.50774 2.91773 0.9984 -6
918 0.8336 0.8344 1.51008 2.91852 0.9936 -6
919 0.8344 0.8352 1.51241 2.91931 0.9888 -6
920 0.8352 0.836 1.51475 2.9201 0.984 -6
921 0.836 0.8368 1.51708 2.92088 0.9792 -6
922 0.8368 0.8376 1.51942 2.92166 0.9744 -6
923 0.8376 0.8384 1.52176 2.92243 0.9696 -6
924 0.8384 0.8392 1.5241 2.9232 0.9648 -5.99999
925 0.8392 0.84 1.52643 2.92397 0.96 -6.00001
926 0.84 0.8408 1.52877 2.92473 0.9552 -5.99999
927 0.8408 0.8416 1.53111 2.92549 0.9504 -6.00001
928 0.8416 0.8424 1.53346 2.92624 0.9456 -6
929 0.8424 0.8432 1.5358 2.92699 0.9408 -6
930 0.8432 0.844 1.53814 2.92774 0.936 -6
931 0.844 0.8448 1.54048 2.92848 0.9312 -6
932 0.8448 0.8456 1.54282 2.92922 0.9264 -6
933 0.8456 0.8464 1.54517 2.92996 0.9216 -6
934 0.8464 0.8472 1.54751 2.93069 0.9168 -6
935 0.8472 0.848 1.54986 2.93142 0.912 -6
936 0.848 0.8488 1.5522 2.93214 0.9072 -6
937 0.8488 0.8496 1.55455 2.93286 0.9024 -6
938 0.8496 0.8504 1.55689 2.93358 0.8976 -5.99999
939 0.8504 0.8512 1.55924 2.93429 0.8928 -6.00001
940 0.8512 0.852 1.56159 2.935 0.888 -6
941 0.852 0.8528 1.56394 2.9357 0.8832 -6
942 0.8528 0.8536 1.56629 2.9364 0.8784 -6
943 0.8536 0.8544 1.56864 2.9371 0.8736 -6
944 0.8544 0.8552 1.57099 2.93779 0.8688 -6
945 0.8552 0.856 1.57334 2.93848 0.864 -6
946 0.856 0.8568 1.57569 2.93917 0.8592 -6
947 0.8568 0.8576 1.57804 2.93985 0.8544 -5.99999
948 0.8576 0.8584 1.58039 2.94053 0.8496 -6.00001
949 0.8584 0.8592 1.58274 2.9412 0.8448 -6
950 0.8592 0.86 1.5851 2.94187 0.84 -6
951 0.86 0.8608 1.58745 2.94254 0.8352 -6.00001
952 0.8608 0.8616 1.58981 2.9432 0.8304 -6
953 0.8616 0.8624 1.59216 2.94386 0.8256 -6
954 0.8624 0.8632 1.59452 2.94451 0.8208 -6
955 0.8632 0.864 1.59687 2.94516 0.816 -6.00001
956 0.864 0.8648 1.59923 2.94581 0.8112 -5.99999
957 0.8648 0.8656 1.60158 2.94645 0.8064 -6
958 0.8656 0.8664 1.60394 2.94709 0.8016 -6
959 0.8664 0.8672 1.6063 2.94773 0.7968 -6
960 0.8672 0.868 1.60866 2.94836 0.792 -6
961 0.868 0.8688 1.61102 2.94899 0.7872 -6
962 0.8688 0.8696 1.61338 2.94961 0.7824 -6
963 0.8696 0.8704 1.61574 2.95023 0.7776 -6
964 0.8704 0.8712 1.6181 2.95085 0.7728 -6
965 0.8712 0.872 1.62046 2.95146 0.768 -6
966 0.872 0.8728 1.62282 2.95207 0.7632 -6
967 0.8728 0.8736 1.62518 2.95267 0.7584 -5.99999
968 0.8736 0.8744 1.62754 2.95327 0.7536 -6
969 0.8744 0.8752 1.62991 2.95387 0.7488 -6
970 0.8752 0.876 1.63227 2.95447 0.744 -6
971 0.876 0.8768 1.63463 2.95505 0.7392 -6
972 0.8768 0.8776 1.637 2.95564 0.7344 -5.99999
973 0.8776 0.8784 1.63936 2.95622 0.7296 -6.00001
974 0.8784 0.8792 1.64173 2.9568 0.7248 -6
975 0.8792 0.88 1.64409 2.95737 0.72 -6
976 0.88 0.8808 1.64646 2.95794 0.7152 -6
977 0.8808 0.8816 1.64883 2.95851 0.7104 -6
978 0.8816 0.8824 1.65119 2.95907 0.7056 -6
979 0.8824 0.8832 1.65356 2.95963 0.7008 -6
980 0.8832 0.884 1.65593 2.96019 0.696 -6
981 0.884 0.8848 1.6583 2.96074 0.6912 -6
982 0.8848 0.8856 1.66067 2.96129 0.6864 -6
983 0.8856 0.8864 1.66304 2.96183 0.6816 -6
984 0.8864 0.8872 1.6654 2.96237 0.6768 -6
985 0.8872 0.888 1.66778 2.9629 0.672 -6.00001
986 0.888 0.8888 1.67015 2.96344 0.6672 -5.99996
987 0.8888 0.8896 1.67252 2.96396 0.6624 -6.00013
988 0.8896 0.8904 1.67489 2.96449 0.6576 -5.99951
989 0.8904 0.8912 1.67726 2.96501 0.6528 -6.00182
990 0.8912 0.892 1.67963 2.96552 0.647999 -5.99323
991 0.892 0.8928 1.682 2.96604 0.643204 -6.02526
992 0.8928 0.8936 1.68438 2.96655 0.638384 -5.9057
993 0.8936 0.8944 1.68675 2.96705 0.633659 -6.35194
994 0.8944 0.8952 1.68912 2.96755 0.628578 -4.68652
995 0.8952 0.896 1.6915 2.96805 0.624829 -10.902
996 0.896 0.8968 1.69387 2.96855 0.616107 12.2945
997 0.8968 0.8976 1.69625 2.96902 0.625943 -74.276
998 0.8976 0.8984 1.69862 2.96956 0.566522 248.809
999 0.8984 0.8992 1.701 2.96986 0.76557 -956.962
